34.7900944498 -86.7834831275
34.804976161 -86.6173786791
34.7398202092 -86.7028564991
34.612755588 -86.5329568642
34.7450023943 -86.5537451839
34.7299268518 -86.5859709335
34.6560827987 -86.5289542697
34.7435758414 -86.6210579514
34.6915407457 -86.5750840742
34.7679301607 -86.6346783481
34.7808033041 -86.7409717865
34.7628782392 -86.6284919984
34.7097766001 -86.5513936181
34.7636374497 -86.7500225775
34.6590490545 -86.5478368534
34.81038039 -86.5608386672
34.7507614382 -86.5879318773
34.7055173887 -86.6182383928
34.7119346746 -86.5826069614
34.6613750785 -86.563251232
34.5871495414 -86.5141757841
34.6739365015 -86.4700242692
34.6801074903 -86.5952973836
34.7576315792 -86.6692300807
34.6908031806 -86.6186517968
34.77912474 -86.5733058245
34.7275749675 -86.628652905
34.6994651654 -86.5969623785
34.6990029313 -86.7108145743
34.7422454743 -86.5731180893
34.7547187585 -86.6194210493
34.7823282055 -86.6077359957
34.7787037744 -86.7954879957
34.7544696123 -86.6028564877
34.6576156753 -86.5825008433
34.7165376104 -86.6298997727
34.8389944775 -86.6593590601
34.7319277032 -86.541048163
34.6350692732 -86.5282060629
34.608412307 -86.5753881086
34.7230064375 -86.6778493286
34.7672349743 -86.6021900616
34.7178406212 -86.6062334588
34.7415924441 -86.6376750613
34.6092624615 -86.5553843441
34.689797268 -86.560919114
34.7338446796 -86.605401548
34.7596737349 -86.5476195578
34.7538633977 -86.6345027163
34.6365918348 -86.5527165626
34.7741553775 -86.549549341
34.6831042257 -86.5340662737
34.7752235372 -86.6353459087
34.7830430159 -86.5898406106
34.6314816416 -86.7569226404
34.7273192067 -86.5673769121
34.6542365337 -86.8340393074
34.7460884751 -86.5129810014
